	F0008	F0014	F0026	F0032	F0052	F0056	F0058	F0066	F0076	F0078	F0082	F0084	F0098	F0099	F0100	F0117	F0130	F0138	F0139	F0141	F0145	F0148	F0153	F0155	F0170	F0171	F0177	F0181	H0001	H0013	H0020	H0054	H0055	H0060	H0063	H0065	H0070	H0074	H0085	H0086	H0148	H0149	H0172	H0180	H0202	H0210	H0211	H0270	H0277	H0280	H0281	H0289	H0303	H0322	H0323	H0349	H0368	H0372	H0377	H0391	H0392	H0407	H0427	H0447	H0456	H0475	H0479	H0741
F0008	0.0	0.88540785	0.986365892	1.201180774	1.277080238	1.327852592	1.360017978	1.18009409	1.408255262	1.374081664	1.802179434	0.920585722	1.285975458	1.129197652	2.173014898	2.136512972	1.17106081	1.727101504	1.362650322	1.489079048	1.116726974	1.316376034	1.032615698	1.494952764	1.291599398	1.162180538	1.311007136	1.338928914	1.695454248	1.356781868	1.697277774	1.831828458	1.305428554	2.121811326	1.567851004	1.072548072	0.875532818	2.276229424	1.274664352	1.305109702	1.447312406	0.818214332	1.087272958	1.291178432	1.170548852	1.388792828	1.388164334	1.852009804	1.182686658	1.369377788	1.191503302	1.575630938	1.070776544	1.177425268	0.910476574	1.630792118	1.749811088	1.578650202	0.99894258	1.310120624	1.362921876	1.57267397	1.339480376	1.25365481	1.415418848	0.809330012	1.06356968	1.448312538
F0014	0.88540785	0.0	0.894202706	1.13541518	1.137159496	1.369857334	1.154160316	0.981668948	1.127949744	0.887864566	1.78415298	0.866277756	1.016812848	0.919436942	1.916344424	1.917499082	1.190998128	1.574860678	1.243903236	1.287382394	0.578720412	1.03811542	1.034527604	1.31435619	1.099351424	0.649807484	1.108456354	1.194350168	1.611672278	1.115679562	1.526599452	1.765269172	1.0757511	2.040379972	1.316855606	1.045579534	1.181049552	2.112282502	1.176227694	1.209878892	1.408073752	1.128429974	1.32543272	1.079405926	0.599391638	1.194119474	1.032034364	1.801595914	1.01270608	1.091825578	1.400883656	1.426530572	1.043039322	0.656229626	1.078503832	1.337769188	1.732591298	1.309851292	1.089288802	1.464509034	1.374851302	1.465138584	1.065981882	1.236400956	1.227268522	1.118416042	1.306560438	1.401014176
F0026	0.986365892	0.894202706	0.0	0.805237546	1.077366818	1.112785384	1.10090373	0.50001609	0.883158814	0.968463452	1.751823578	0.939917282	1.069798522	0.76775176	1.798825782	1.931599268	1.062201074	1.413806844	0.98961461	1.237385992	0.95645341	0.78805229	1.06765957	1.286483648	0.890764766	1.051611786	1.006117128	0.72562753	1.403467332	0.959175264	1.338817382	1.69959699	1.00910133	1.911162142	1.180979036	1.375611244	1.247942434	2.129903904	1.105798376	1.060487906	1.318902674	1.06543974	1.598788814	1.001852676	0.999405264	1.025464244	0.847596782	1.62017608	0.899973414	0.977808236	1.616760398	1.331644978	0.962572952	0.943192012	1.199691674	1.369424106	1.525497228	1.242864966	1.034907584	1.2258124	1.189746644	1.309227978	1.059542452	1.04117627	1.083095552	1.401357528	1.156481596	1.193497614
F0032	1.201180774	1.13541518	0.805237546	0.0	1.214163044	0.851252974	1.138459256	0.875084876	0.810394884	1.10743565	1.762480264	1.20787548	1.203998644	0.855836622	1.771533972	1.75315429	0.843085872	1.254929346	1.11839918	1.02237899	1.16377146	1.09323224	1.099045644	1.182277422	0.941232336	1.25306654	0.98759515	0.817611548	1.348913298	0.94853837	1.585901404	1.671092664	1.154833644	1.7198269	1.41219783	1.426985398	1.509359792	2.112543202	1.177526378	1.03198902	1.112316916	1.104887234	1.731100212	1.169775682	1.173593446	0.746913986	1.071331588	1.45013439	0.976662512	0.973473714	1.713173012	1.434859732	0.977092066	1.12130815	1.445021936	1.30599206	1.341760406	1.180086784	1.06830789	1.159681582	1.035179446	1.21998854	1.195423694	1.010723164	1.103061398	1.622095598	1.187260422	1.053182564
F0052	1.277080238	1.137159496	1.077366818	1.214163044	0.0	1.499995266	1.371786596	1.097419608	1.25843882	1.418125126	1.595622768	1.223325208	1.37150158	1.251058858	2.018489428	1.985630758	1.013428576	1.614546538	1.0973851	1.417955942	1.223017648	1.162750844	1.441860716	1.418423866	1.279323324	1.225272112	1.241135414	1.170897916	1.61105691	1.289351954	1.371556692	1.642075664	0.569919092	2.018969652	1.343298818	1.436187094	1.436130292	1.983553422	0.394674626	1.300348504	1.22778278	1.382428922	1.536634368	0.499885874	1.281574198	1.398633594	1.35688738	1.818895134	1.235622388	1.314152062	1.570882988	0.776057828	1.358287958	1.209446794	1.39335322	1.432871496	1.702041518	1.48684562	1.340962166	1.481013482	1.429624002	1.38503256	0.644546874	1.248161924	1.338153278	1.452997442	1.512675782	1.494936008
F0056	1.327852592	1.369857334	1.112785384	0.851252974	1.499995266	0.0	1.41247213	1.161949886	1.282409434	1.371134252	1.692090214	1.479847102	1.461815038	1.084600056	1.724315918	1.69506788	1.117978766	1.128564996	1.32102205	1.168632064	1.411764386	1.368251402	1.082914938	1.349660804	1.176161562	1.499624338	1.229244868	1.173306074	1.337627116	1.251771776	1.817614762	1.785015614	1.413753854	1.806401526	1.633794224	1.477391756	1.517848206	2.195343856	1.494179996	1.220045574	1.478269174	1.135340596	1.771020954	1.453676268	1.442299308	1.18712348	1.271502858	1.251656236	1.10834697	1.082050964	1.68623479	1.635646986	1.156216132	1.392501928	1.59429455	1.477001498	1.291148872	1.406200786	1.217460804	1.251764812	1.259014832	1.448605302	1.46951218	1.23469177	1.400809432	1.635202784	1.0646329	1.136279662
F0058	1.360017978	1.154160316	1.10090373	1.138459256	1.371786596	1.41247213	0.0	1.140683772	1.063236328	1.029999694	2.027454888	1.336413612	1.454232224	1.241539686	1.606299188	1.763594786	1.163549192	1.632627738	1.44200104	1.15422025	1.075991632	1.14430368	1.510978888	1.490132826	1.425305036	1.26446164	1.411031074	1.318984748	1.677499446	0.527542054	1.780343832	2.01727122	1.284469444	2.039102868	1.403915954	1.401516682	1.605443988	2.366378942	1.35569215	0.744418296	1.543346568	1.346724714	1.82152702	1.257254518	1.10519667	0.970871922	0.765877532	1.886854686	1.038660284	0.932680414	1.886665048	1.677821088	1.344377786	1.023716946	1.432825604	1.323633608	1.801009806	0.807271064	1.117407846	1.461558646	1.348594118	1.48107892	1.322895906	0.79171384	0.570394978	1.65104125	1.501872498	1.362890732
F0066	1.18009409	0.981668948	0.50001609	0.875084876	1.097419608	1.161949886	1.140683772	0.0	0.701959024	1.057893054	1.736915824	1.019808008	0.993347676	0.814710598	1.800860664	1.884738318	1.10897272	1.52672527	0.804505804	1.200878982	0.951265108	0.546773144	1.302704524	1.251746494	0.871724296	1.07156454	0.969058318	0.794338672	1.53325447	0.974778706	1.160673124	1.6909344	0.94083598	1.997238956	0.928990234	1.438630534	1.366223112	2.087857982	1.189918918	1.038910284	1.303662396	1.338109254	1.708580972	0.97397641	1.005029134	1.06835805	0.934793164	1.717455114	0.956351636	0.986075538	1.728450084	1.25529398	1.216076094	0.957603926	1.290346416	1.25094064	1.636250178	1.210673836	1.221457038	1.408355342	1.323009482	1.381883992	1.049187562	1.171183324	1.117555642	1.542333062	1.426641642	1.34835036
F0076	1.408255262	1.127949744	0.883158814	0.810394884	1.25843882	1.282409434	1.063236328	0.701959024	0.0	1.019523838	1.912074384	1.267828036	1.180450148	1.005297442	1.620945936	1.797836158	1.0935308	1.56285689	1.048070652	1.03800937	1.01987556	0.757875748	1.386799168	1.305545098	1.094918252	1.18126042	1.111516562	0.942962848	1.59978753	0.958626834	1.444137172	1.804205972	1.095611032	1.95560488	1.106100442	1.485184458	1.609975248	2.198200374	1.283875334	0.965980668	1.235368192	1.48551489	1.858074024	1.113813918	1.004314522	0.751354598	0.894012528	1.796223102	1.02581614	0.945129166	1.881269556	1.411843864	1.32556769	0.93960483	1.522768432	1.008128572	1.742467058	1.06526564	1.254790498	1.556875834	1.369100198	1.440853424	1.159344886	1.233190076	1.16886209	1.71429839	1.617262614	1.395190124
F0078	1.374081664	0.887864566	0.968463452	1.10743565	1.418125126	1.371134252	1.029999694	1.057893054	1.019523838	0.0	2.026359154	1.290644062	1.305345326	1.07087078	1.50620513	1.651838724	1.315034602	1.57969674	1.38574369	1.191336716	0.799082058	1.070641246	1.298967686	1.342065308	1.210370394	0.96031449	1.196615248	1.195126826	1.576309832	1.00072764	1.678314186	1.958063054	1.308047442	2.013778998	1.344477168	1.442928468	1.613863062	2.279689436	1.432170236	1.045431362	1.638304614	1.42456716	1.79777713	1.31676654	0.65258252	1.118568076	0.860673138	1.75398452	1.081474054	0.952102972	1.84848063	1.63801045	1.283495872	0.667196808	1.466363402	1.26860889	1.779108136	0.936818454	1.244437328	1.513528136	1.443809336	1.509393214	1.311710844	1.29617381	1.238525588	1.666013308	1.538583372	1.415891222
F0082	1.802179434	1.78415298	1.751823578	1.762480264	1.595622768	1.692090214	2.027454888	1.736915824	1.912074384	2.026359154	0.0	1.675078612	1.627817708	1.758000158	2.34845014	2.120209454	1.63562716	2.00383957	1.42661212	1.829720486	1.769110664	1.742950128	1.8584077	1.83253313	1.53980472	1.697191052	1.468837358	1.767781416	2.098259442	1.960901602	1.50210648	1.551231372	1.596229636	2.40238944	1.62500495	1.78813975	1.731190728	1.923980406	1.665962122	1.921438336	1.707349732	1.85920477	1.639048648	1.591060702	1.868577682	2.031309034	1.954326728	2.140171398	1.760141732	1.98810021	1.24598606	1.608844488	1.84262997	1.842296122	1.731950568	1.882190752	1.974595098	2.053849008	1.923265086	2.00233325	1.892052502	1.82731314	1.626236126	1.934976212	1.953339938	1.765234174	1.843241822	1.944422064
F0084	0.920585722	0.866277756	0.939917282	1.20787548	1.223325208	1.479847102	1.336413612	1.019808008	1.267828036	1.290644062	1.675078612	0.0	1.02668014	0.938485422	2.132398332	2.090410982	1.27933056	1.735635166	1.12033202	1.537426142	0.926670784	1.125896876	1.233493492	1.409633594	1.088192716	0.851284388	0.900761582	1.273779512	1.792422718	1.266710846	1.391021464	1.704143732	1.069996636	2.15218718	1.185037202	0.804923394	0.763175568	2.038049866	1.269172558	1.349830168	1.364179972	1.247456746	1.076821256	1.064788166	0.992187998	1.439498082	1.227300848	1.950124038	0.972587104	1.350575862	1.132988004	1.365060836	1.025923034	1.090470826	0.759377272	1.295043996	1.850947474	1.463938524	1.245910434	1.611977914	1.420738026	1.49801964	1.034565886	1.361473952	1.323548994	0.965883838	1.451237918	1.491546232
F0098	1.285975458	1.016812848	1.069798522	1.203998644	1.37150158	1.461815038	1.454232224	0.993347676	1.180450148	1.305345326	1.627817708	1.02668014	0.0	1.144152398	2.083893876	2.071672034	1.402595488	1.661399482	0.942419616	1.376763598	0.850160284	0.909561784	1.24575742	1.43365517	0.70279744	0.773613912	1.083193298	1.209426576	1.887257178	1.378715906	1.296343956	1.605922804	1.216295688	2.242405688	1.089347286	1.228692422	1.28961678	2.061227026	1.476113402	1.537122872	1.473512256	1.451059174	1.165842392	1.198882638	1.013395294	1.536278682	1.246849964	1.99231905	1.152676944	1.429833946	1.385350516	1.39795584	1.33519037	1.027674826	1.148450052	1.488896868	1.900452914	1.61167748	1.41656041	1.81523557	1.682222042	1.658378316	1.233441042	1.497162236	1.47726101	1.448846458	1.60150269	1.568991868
F0099	1.129197652	0.919436942	0.76775176	0.855836622	1.251058858	1.084600056	1.241539686	0.814710598	1.005297442	1.07087078	1.758000158	0.938485422	1.144152398	0.0	1.80974377	1.878822756	1.144671914	1.387002576	1.189406766	1.172659964	0.944322822	0.99650379	1.04860887	1.23813006	0.974895326	1.04574819	0.664011236	1.024926734	1.402599876	1.068314672	1.44917177	1.641838422	1.143333818	1.921898686	1.194744388	1.244508956	1.377388274	2.115820956	1.290490736	1.211365806	1.316117494	1.208136784	1.624462898	1.151029664	1.017106404	1.011568488	0.97782501	1.527996656	1.016976078	1.033051744	1.685476746	1.43611787	0.867936896	0.975629724	1.344784498	1.053810754	1.468150592	1.290068562	1.187827756	1.34790056	1.14644338	1.166053642	1.140759388	1.24530661	1.2743031	1.482855092	1.2844933	1.234411182
F0100	2.173014898	1.916344424	1.798825782	1.771533972	2.018489428	1.724315918	1.606299188	1.800860664	1.620945936	1.50620513	2.34845014	2.132398332	2.083893876	1.80974377	0.0	1.397204374	1.821876284	1.552083562	2.072056988	1.534192314	1.861018452	1.712861508	1.830023968	1.935351906	1.968265192	2.000337192	1.931520046	1.806888064	1.61177521	1.591334154	2.27743532	2.40867094	1.971211948	1.964459932	1.98792003	2.066023122	2.309166348	2.713020662	2.040995178	1.48548172	2.088955572	1.947234078	2.460431984	2.014247858	1.795581206	1.454296662	1.55629378	1.639757398	1.809573092	1.434418298	2.457867512	2.229956076	1.841518154	1.793559758	2.211364608	1.52229766	2.002243974	1.313517852	1.888264102	1.734926698	1.92777057	1.930321916	2.031547174	1.700553556	1.803061746	2.377705918	1.798030414	1.604657628
F0117	2.136512972	1.917499082	1.931599268	1.75315429	1.985630758	1.69506788	1.763594786	1.884738318	1.797836158	1.651838724	2.120209454	2.090410982	2.071672034	1.878822756	1.397204374	0.0	1.730661094	1.841787868	1.968429274	1.567130604	1.87696949	1.895932466	1.996997114	1.957549116	1.89697019	1.99459737	1.823464764	1.985040082	1.850014396	1.787317184	2.287309486	2.32790401	1.967831286	2.136518806	1.993968892	1.914506116	2.221887042	2.637770084	1.986964248	1.62504207	2.112535794	1.978417376	2.307794466	1.989428588	1.837818936	1.680226284	1.74729461	1.742583424	1.715095274	1.71415998	2.272335774	2.177747622	1.88983218	1.81559468	2.225142382	1.72542621	1.8105245	1.454770158	1.892320312	1.929224488	1.867650344	1.909934158	2.023938988	1.927324438	1.94363718	2.26716598	1.91595964	1.604603782
F0130	1.17106081	1.190998128	1.062201074	0.843085872	1.013428576	1.117978766	1.163549192	1.10897272	1.0935308	1.315034602	1.63562716	1.27933056	1.402595488	1.144671914	1.821876284	1.730661094	0.0	1.39469187	0.913109676	1.137745862	1.29316818	1.2492293	1.24301594	1.192380494	1.210842392	1.402742676	1.12252973	1.111472928	1.387054026	1.034434182	1.572956716	1.75246128	1.073454292	1.815642864	1.485256666	1.330994578	1.45355066	2.078432414	1.021354046	1.068172468	1.179876132	1.031479082	1.649045184	1.070278382	1.343920262	1.072724906	1.233783252	1.505687514	1.081790752	1.16780777	1.628835644	1.388274988	1.077229898	1.218523546	1.478266068	1.3668724	1.409035946	1.249537616	0.896187434	1.110660522	1.092597822	1.283551248	1.13247781	0.986229088	1.161516798	1.497963178	1.259695262	1.17194912
F0138	1.727101504	1.574860678	1.413806844	1.254929346	1.614546538	1.128564996	1.632627738	1.52672527	1.56285689	1.57969674	2.00383957	1.735635166	1.661399482	1.387002576	1.552083562	1.841787868	1.39469187	0.0	1.638427806	0.945140696	1.63234889	1.53344967	1.14913793	1.36866412	1.245638962	1.670007854	1.511743376	1.369714206	1.257628932	1.483952252	1.937300986	1.694964626	1.609033118	1.472315538	1.824951904	1.617006368	1.88213437	2.210654168	1.647348836	1.58078379	1.42544499	1.494886408	1.849210074	1.61821182	1.65338314	1.474404212	1.503454238	1.300277656	1.58810305	1.306520532	1.880232922	1.734459698	1.317492276	1.601533384	1.873031506	1.651611542	1.638566532	1.657997654	1.516029464	1.345783272	1.56712532	1.474803738	1.617582104	1.479250782	1.6712797	1.883284024	1.426111716	0.989522882
F0139	1.362650322	1.243903236	0.98961461	1.11839918	1.0973851	1.32102205	1.44200104	0.804505804	1.048070652	1.38574369	1.42661212	1.12033202	0.942419616	1.189406766	2.072056988	1.968429274	0.913109676	1.638427806	0.0	1.43201983	1.21237894	0.860336056	1.472694496	1.27967625	0.871707804	1.18031506	0.987765918	1.09832262	1.730721402	1.29333601	0.819281008	1.536130076	0.985916144	2.10759554	0.743297478	1.497022638	1.339361456	1.892565742	1.23833081	1.390778536	1.3178935	1.479338926	1.564425416	0.969979998	1.30261195	1.436123038	1.253237928	1.833233122	1.144585592	1.330785114	1.453173408	1.120558924	1.418903538	1.260651962	1.31171526	1.480736276	1.697436954	1.491312384	1.380465474	1.600445102	1.481504366	1.564448432	1.03125315	1.389614572	1.373088218	1.538974854	1.570242554	1.530354896
F0141	1.489079048	1.287382394	1.237385992	1.02237899	1.417955942	1.168632064	1.15422025	1.200878982	1.03800937	1.191336716	1.829720486	1.537426142	1.376763598	1.172659964	1.534192314	1.567130604	1.137745862	0.945140696	1.43201983	0.0	1.20869059	1.177525406	1.102783018	1.151887408	1.084268922	1.338694786	1.257939204	1.11534015	1.541447592	1.1149091	1.739114346	1.523764162	1.37747237	1.85339209	1.401757924	1.412986988	1.67799853	2.030208764	1.404516916	1.108151662	1.186688542	1.470048732	1.658566378	1.415875396	1.182362644	1.096544948	1.109993618	1.628128748	1.219843854	1.153666936	1.707732302	1.545301062	1.267889704	1.168262744	1.605094414	1.202476122	1.703479304	1.236245366	1.424591332	1.513583852	1.465274064	1.27557757	1.40524184	1.327230958	1.342226696	1.702067404	1.512420696	1.102194962
F0145	1.116726974	0.578720412	0.95645341	1.16377146	1.223017648	1.411764386	1.075991632	0.951265108	1.01987556	0.799082058	1.769110664	0.926670784	0.850160284	0.944322822	1.861018452	1.87696949	1.29316818	1.63234889	1.21237894	1.20869059	0.0	0.884327416	1.253429524	1.301442374	1.073299328	0.406871104	1.061156046	1.225236488	1.714570398	1.084118626	1.482414356	1.731485668	1.076340224	2.087373352	1.137279786	1.092698682	1.273357836	2.066629078	1.29457301	1.132505252	1.413050896	1.348783034	1.23971934	1.068770022	0.516959978	1.203237198	0.960045868	1.860594178	1.040890696	1.100369054	1.475196232	1.398899516	1.189104074	0.456649478	1.134370796	1.200409552	1.800434402	1.245202844	1.241216114	1.591596694	1.489331922	1.48865202	1.065001954	1.28476902	1.22749501	1.29179743	1.49256599	1.463268152
F0148	1.316376034	1.03811542	0.78805229	1.09323224	1.162750844	1.368251402	1.14430368	0.546773144	0.757875748	1.070641246	1.742950128	1.125896876	0.909561784	0.99650379	1.712861508	1.895932466	1.2492293	1.53344967	0.860336056	1.177525406	0.884327416	0.0	1.411509788	1.28530267	0.897644372	0.91833242	1.024474886	0.723066408	1.653808262	1.047398834	1.12207484	1.661683604	0.97988116	2.090201828	0.819717362	1.312613994	1.414470796	2.062409858	1.277038754	1.173697348	1.334046572	1.519483454	1.633022576	0.985676606	0.992455698	1.20024819	1.013801048	1.876950918	1.002343412	1.063189506	1.67148248	1.285918012	1.389636422	0.964810974	1.270318504	1.076370684	1.748456018	1.305648288	1.396807238	1.596751906	1.489066346	1.430487064	1.045265174	1.296487004	1.25440331	1.571645914	1.632537806	1.483864416
F0153	1.032615698	1.034527604	1.06765957	1.099045644	1.441860716	1.082914938	1.510978888	1.302704524	1.386799168	1.298967686	1.8584077	1.233493492	1.24575742	1.04860887	1.830023968	1.996997114	1.24301594	1.14913793	1.472694496	1.102783018	1.253429524	1.411509788	0.0	1.246800706	0.913636528	1.283569892	1.240185518	1.183253548	1.347425522	1.405007402	1.781150484	1.493655396	1.42633232	1.755259924	1.68798245	1.298747594	1.377071108	2.126683342	1.45540039	1.482025304	1.24108542	0.96929037	1.396667408	1.435455134	1.221538938	1.311974926	1.320435672	1.41623861	1.361684768	1.232363318	1.43129206	1.583261884	0.825179082	1.266909326	1.411300308	1.567381716	1.467332206	1.5788795	1.190799562	1.250098486	1.364824526	1.395939528	1.410128382	1.432343316	1.58628913	1.394828374	1.023651158	1.135169548
F0155	1.494952764	1.31435619	1.286483648	1.182277422	1.418423866	1.349660804	1.490132826	1.251746494	1.305545098	1.342065308	1.83253313	1.409633594	1.43365517	1.23813006	1.935351906	1.957549116	1.192380494	1.36866412	1.27967625	1.151887408	1.301442374	1.28530267	1.246800706	0.0	1.12225883	1.315311174	1.165082512	1.260736294	1.559118472	1.356562412	1.590276034	1.409216342	1.310925546	1.74983457	1.489388484	1.247673392	1.613051294	1.721562116	1.469147948	1.45742339	1.209233918	1.611189968	1.504310874	1.302892988	1.213517748	1.476441976	1.336998162	1.599174064	1.309053738	1.366996148	1.624430646	1.488578762	1.334157224	1.185321204	1.597246378	1.409921494	1.706601368	1.425854758	1.370773524	1.649587368	1.36616216	1.502935534	1.240942852	1.447376994	1.499052472	1.699544216	1.644122684	1.355727558
F0170	1.291599398	1.099351424	0.890764766	0.941232336	1.279323324	1.176161562	1.425305036	0.871724296	1.094918252	1.210370394	1.53980472	1.088192716	0.70279744	0.974895326	1.968265192	1.89697019	1.210842392	1.245638962	0.871707804	1.084268922	1.073299328	0.897644372	0.913636528	1.12225883	0.0	1.037471396	0.825674618	0.937625052	1.651026246	1.301270102	1.25244956	1.291660992	1.158636132	1.924387148	1.11928189	1.375833498	1.394207528	1.898077066	1.381574482	1.441590616	1.123841976	1.433905434	1.453530756	1.143786826	1.105120426	1.394608442	1.165630808	1.72692241	1.08445698	1.276808674	1.378358392	1.285689072	1.228920998	1.103462718	1.355109316	1.392150596	1.616493802	1.521267952	1.344345986	1.58253727	1.414592654	1.487351	1.12236149	1.458409548	1.43249207	1.545429838	1.471591638	1.36848754
F0171	1.162180538	0.649807484	1.051611786	1.25306654	1.225272112	1.499624338	1.26446164	1.07156454	1.18126042	0.96031449	1.697191052	0.851284388	0.773613912	1.04574819	2.000337192	1.99459737	1.402742676	1.670007854	1.18031506	1.338694786	0.406871104	0.91833242	1.283569892	1.315311174	1.037471396	0.0	1.04355163	1.233222464	1.797094678	1.211574206	1.41982752	1.653482076	1.097324228	2.141633572	1.085631678	1.003230622	1.199198436	1.98112003	1.320998186	1.32566266	1.430624308	1.42910879	1.155521956	1.090583886	0.624325746	1.414876338	1.118308772	1.923747594	1.112100736	1.224683986	1.374654484	1.355965612	1.231691666	0.625184502	1.086030456	1.314353636	1.874325258	1.424862244	1.348673946	1.727541466	1.580004086	1.53044172	1.023661234	1.370849084	1.339770318	1.31730393	1.573913894	1.534095816
F0177	1.311007136	1.108456354	1.006117128	0.98759515	1.241135414	1.229244868	1.411031074	0.969058318	1.111516562	1.196615248	1.468837358	0.900761582	1.083193298	0.664011236	1.931520046	1.823464764	1.12252973	1.511743376	0.987765918	1.257939204	1.061156046	1.024474886	1.240185518	1.165082512	0.825674618	1.04355163	0.0	1.07039853	1.566844436	1.27593002	1.281472438	1.501468766	1.105726862	1.940937002	1.144472984	1.306676848	1.376274758	1.934458176	1.3062135	1.337227394	1.282946754	1.444936884	1.544282134	1.130945312	1.137579992	1.293063764	1.180345258	1.711629436	1.096168362	1.256311796	1.500211406	1.317858382	1.050233172	1.128400088	1.348692822	1.001721958	1.561234384	1.394501346	1.373158632	1.559667392	1.238492932	1.23173819	1.050268304	1.37442901	1.39241602	1.508475908	1.460802776	1.39824673
F0181	1.338928914	1.194350168	0.72562753	0.817611548	1.170897916	1.173306074	1.318984748	0.794338672	0.942962848	1.195126826	1.767781416	1.273779512	1.209426576	1.024926734	1.806888064	1.985040082	1.111472928	1.369714206	1.09832262	1.11534015	1.225236488	0.723066408	1.183253548	1.260736294	0.937625052	1.233222464	1.07039853	0.0	1.490848278	1.133069042	1.37794632	1.586090096	1.174044572	1.898441508	1.320319082	1.538466614	1.53371902	2.041170162	1.184165778	1.265556	1.188260872	1.384350718	1.74503724	1.172193718	1.213841618	1.14440881	1.142493944	1.620516806	1.146892672	1.095402818	1.725775056	1.374308252	1.252093338	1.193827818	1.506264504	1.37813286	1.51956901	1.418435264	1.348519146	1.384632238	1.344749938	1.328223204	1.15159593	1.229490204	1.260652582	1.672094766	1.455566218	1.35674284
H0001	1.695454248	1.611672278	1.403467332	1.348913298	1.61105691	1.337627116	1.677499446	1.53325447	1.59978753	1.576309832	2.098259442	1.792422718	1.887257178	1.402599876	1.61177521	1.850014396	1.387054026	1.257628932	1.730721402	1.541447592	1.714570398	1.653808262	1.347425522	1.559118472	1.651026246	1.797094678	1.566844436	1.490848278	0.0	1.52740576	1.993559014	2.052001202	1.588794014	1.53078051	1.934769748	1.753555332	1.90333961	2.386882168	1.608429456	1.54848035	1.721722786	1.418324816	2.059341778	1.646810752	1.75870946	1.34344506	1.55651635	1.234712624	1.61088351	1.32939762	2.102699958	1.860199922	1.244242088	1.660829648	1.941171374	1.579296666	1.444288924	1.63685897	1.457975404	1.188775616	1.391855228	1.330869034	1.64100486	1.510039994	1.706879136	1.968061676	1.3313092	1.174246022
H0013	1.356781868	1.115679562	0.959175264	0.94853837	1.289351954	1.251771776	0.527542054	0.974778706	0.958626834	1.00072764	1.960901602	1.266710846	1.378715906	1.068314672	1.591334154	1.787317184	1.034434182	1.483952252	1.29333601	1.1149091	1.084118626	1.047398834	1.405007402	1.356562412	1.301270102	1.211574206	1.27593002	1.133069042	1.52740576	0.0	1.673861846	1.90954053	1.213457366	1.93453359	1.352913412	1.40904934	1.57017361	2.283596728	1.312948696	0.609856918	1.442054554	1.321024296	1.838705394	1.188126748	1.130474112	0.911128356	0.71476917	1.749083636	0.945610226	0.837633572	1.874053918	1.57953573	1.22847526	1.030021384	1.42036085	1.26151991	1.661700172	0.813393958	1.097370232	1.365853412	1.296637436	1.37556979	1.265914964	0.765454222	0.54213806	1.653523728	1.475770232	1.265519718
H0020	1.697277774	1.526599452	1.338817382	1.585901404	1.371556692	1.817614762	1.780343832	1.160673124	1.444137172	1.678314186	1.50210648	1.391021464	1.296343956	1.44917177	2.27743532	2.287309486	1.572956716	1.937300986	0.819281008	1.739114346	1.482414356	1.12207484	1.781150484	1.590276034	1.25244956	1.41982752	1.281472438	1.37794632	1.993559014	1.673861846	0.0	1.542699828	1.256208884	2.406044524	0.52002739	1.724716406	1.644361928	1.861728934	1.475668738	1.726160852	1.630885828	1.854328666	1.7123982	1.206612222	1.55343861	1.811280526	1.537017052	2.137766554	1.494531516	1.685351318	1.632046084	1.327063332	1.753943174	1.560813902	1.558634352	1.65397616	2.026064266	1.798014456	1.790418418	1.977537814	1.807857706	1.767132328	1.303103186	1.758109996	1.711684774	1.79870105	1.932072094	1.895336252
H0054	1.831828458	1.765269172	1.69959699	1.671092664	1.642075664	1.785015614	2.01727122	1.6909344	1.804205972	1.958063054	1.551231372	1.704143732	1.605922804	1.641838422	2.40867094	2.32790401	1.75246128	1.694964626	1.536130076	1.523764162	1.731485668	1.661683604	1.493655396	1.409216342	1.291660992	1.653482076	1.501468766	1.586090096	2.052001202	1.90954053	1.542699828	0.0	1.611594516	2.313803576	1.601325646	1.788875906	1.775961936	1.38428129	1.710915834	1.9497711	0.8816138	1.925813642	1.586604752	1.589281622	1.777501646	2.009588766	1.941866948	2.091575366	1.821494956	1.961645794	1.563299352	1.537786396	1.704518398	1.793038254	1.822014836	1.875021224	2.096852578	2.100831012	1.946583918	1.988275918	2.000468082	1.77437638	1.581349362	1.987917536	1.96429977	1.879839698	1.915404858	1.837122092
H0055	1.305428554	1.0757511	1.00910133	1.154833644	0.569919092	1.413753854	1.284469444	0.94083598	1.095611032	1.308047442	1.596229636	1.069996636	1.216295688	1.143333818	1.971211948	1.967831286	1.073454292	1.609033118	0.985916144	1.37747237	1.076340224	0.97988116	1.42633232	1.310925546	1.158636132	1.097324228	1.105726862	1.174044572	1.588794014	1.213457366	1.256208884	1.611594516	0.0	1.996686108	1.140143214	1.313005686	1.305297348	1.927422814	0.630279238	1.219680052	1.216988892	1.450976294	1.525158184	0.36721523	1.185242294	1.323293258	1.244728668	1.815732434	1.113211768	1.268875898	1.55973456	0.638405492	1.322581854	1.13616747	1.248952496	1.305501296	1.729863238	1.380091584	1.30367873	1.547487238	1.390627942	1.433539236	0.44237141	1.231789252	1.266487414	1.439715626	1.57991413	1.46856726
H0060	2.121811326	2.040379972	1.911162142	1.7198269	2.018969652	1.806401526	2.039102868	1.997238956	1.95560488	2.013778998	2.40238944	2.15218718	2.242405688	1.921898686	1.964459932	2.136518806	1.815642864	1.472315538	2.10759554	1.85339209	2.087373352	2.090201828	1.755259924	1.74983457	1.924387148	2.141633572	1.940937002	1.898441508	1.53078051	1.93453359	2.406044524	2.313803576	1.996686108	0.0	2.342571134	1.967868466	2.300114504	2.370784534	2.027199198	1.975777276	1.984079708	1.900817862	2.243598004	2.028539846	2.086430598	1.762134142	1.9787115	1.531801234	1.96827854	1.79140763	2.145114544	2.13056182	1.775285106	2.014935642	2.373897744	2.141608228	1.97309221	2.003718592	1.837044458	1.698440026	1.817981382	1.95820592	1.990357914	1.885542924	2.054306158	2.304995902	1.73988805	1.394918
H0063	1.567851004	1.316855606	1.180979036	1.41219783	1.343298818	1.633794224	1.403915954	0.928990234	1.106100442	1.344477168	1.62500495	1.185037202	1.089347286	1.194744388	1.98792003	1.993968892	1.485256666	1.824951904	0.743297478	1.401757924	1.137279786	0.819717362	1.68798245	1.489388484	1.11928189	1.085631678	1.144472984	1.320319082	1.934769748	1.352913412	0.52002739	1.601325646	1.140143214	2.342571134	0.0	1.490797332	1.454928486	1.971132888	1.426044104	1.38454603	1.561946466	1.754903836	1.66197375	1.102930396	1.233339804	1.474319192	1.152406166	2.089172412	1.224208618	1.346242916	1.638450534	1.31922427	1.577084204	1.244659416	1.351593926	1.286769186	2.000517732	1.464704218	1.634000944	1.87772626	1.664519424	1.651359614	1.174478956	1.649105514	1.494683856	1.694146868	1.839172956	1.691592986
H0065	1.072548072	1.045579534	1.375611244	1.426985398	1.436187094	1.477391756	1.401516682	1.438630534	1.485184458	1.442928468	1.78813975	0.804923394	1.228692422	1.244508956	2.066023122	1.914506116	1.330994578	1.617006368	1.497022638	1.412986988	1.092698682	1.312613994	1.298747594	1.247673392	1.375833498	1.003230622	1.306676848	1.538466614	1.753555332	1.40904934	1.724716406	1.788875906	1.313005686	1.967868466	1.490797332	0.0	0.981774798	2.068367912	1.466349132	1.461363518	1.474592622	1.357071328	0.953759074	1.319886172	1.122847992	1.623822864	1.353320426	1.845608232	0.995521606	1.53192878	1.122290654	1.580309998	1.182869224	1.17252826	1.046052546	1.386530738	1.846494908	1.506602126	1.201308988	1.73259228	1.39242638	1.53410291	1.228812264	1.426556558	1.503532928	1.022800028	1.59866716	1.44227445
H0070	0.875532818	1.181049552	1.247942434	1.509359792	1.436130292	1.517848206	1.605443988	1.366223112	1.609975248	1.613863062	1.731190728	0.763175568	1.28961678	1.377388274	2.309166348	2.221887042	1.45355066	1.88213437	1.339361456	1.67799853	1.273357836	1.414470796	1.377071108	1.613051294	1.394207528	1.199198436	1.376274758	1.53371902	1.90333961	1.57017361	1.644361928	1.775961936	1.305297348	2.300114504	1.454928486	0.981774798	0.0	2.143564658	1.485036762	1.516844988	1.52698204	1.320063022	1.008720596	1.333830198	1.381261446	1.767502446	1.578290732	2.02504721	1.204689108	1.679045486	1.040759168	1.535636756	1.26241281	1.450571738	0.475021768	1.699473072	1.975856166	1.776765688	1.41501541	1.770118938	1.61417641	1.689058424	1.298510178	1.599619512	1.617068998	0.55795829	1.49762591	1.66083096
H0074	2.276229424	2.112282502	2.129903904	2.112543202	1.983553422	2.195343856	2.366378942	2.087857982	2.198200374	2.279689436	1.923980406	2.038049866	2.061227026	2.115820956	2.713020662	2.637770084	2.078432414	2.210654168	1.892565742	2.030208764	2.066629078	2.062409858	2.126683342	1.721562116	1.898077066	1.98112003	1.934458176	2.041170162	2.386882168	2.283596728	1.861728934	1.38428129	1.927422814	2.370784534	1.971132888	2.068367912	2.143564658	0.0	2.046823652	2.281136694	1.773237578	2.352719984	1.83580409	1.948447408	2.077020824	2.370088852	2.296968406	2.340169768	2.197517946	2.300781208	1.730759214	1.85594237	2.155428376	2.10417474	2.17368659	2.219168302	2.447434596	2.401751006	2.309136844	2.38639238	2.318062612	2.247885206	1.908114248	2.299105078	2.309228868	2.263277188	2.358975836	2.254845982
H0085	1.274664352	1.176227694	1.105798376	1.177526378	0.394674626	1.494179996	1.35569215	1.189918918	1.283875334	1.432170236	1.665962122	1.269172558	1.476113402	1.290490736	2.040995178	1.986964248	1.021354046	1.647348836	1.23833081	1.404516916	1.29457301	1.277038754	1.45540039	1.469147948	1.381574482	1.320998186	1.3062135	1.184165778	1.608429456	1.312948696	1.475668738	1.710915834	0.630279238	2.027199198	1.426044104	1.466349132	1.485036762	2.046823652	0.0	1.306076446	1.250223694	1.302859952	1.55014037	0.565373168	1.353628808	1.353047632	1.37035665	1.83190128	1.243349438	1.35640582	1.592549582	0.85434207	1.338696728	1.254213528	1.473546322	1.520200498	1.700421712	1.504484606	1.277867768	1.398855116	1.384021268	1.41402523	0.741217044	1.224292282	1.327716916	1.454716332	1.444987988	1.49550991
H0086	1.305109702	1.209878892	1.060487906	1.03198902	1.300348504	1.220045574	0.744418296	1.038910284	0.965980668	1.045431362	1.921438336	1.349830168	1.537122872	1.211365806	1.48548172	1.62504207	1.068172468	1.58078379	1.390778536	1.108151662	1.132505252	1.173697348	1.482025304	1.45742339	1.441590616	1.32566266	1.337227394	1.265556	1.54848035	0.609856918	1.726160852	1.9497711	1.219680052	1.975777276	1.38454603	1.461363518	1.516844988	2.281136694	1.306076446	0.0	1.474171588	1.24752481	1.825637076	1.250349954	1.121196454	0.931821946	0.844646196	1.757312722	1.070448844	0.899873466	1.868219528	1.586239848	1.235850482	1.065162826	1.490066728	1.146276452	1.662512386	0.701514376	1.114041278	1.398827322	1.292390394	1.445019348	1.30398265	0.738146068	0.79717483	1.620590134	1.37025141	1.344934312
H0148	1.447312406	1.408073752	1.318902674	1.112316916	1.22778278	1.478269174	1.543346568	1.303662396	1.235368192	1.638304614	1.707349732	1.364179972	1.473512256	1.316117494	2.088955572	2.112535794	1.179876132	1.42544499	1.3178935	1.186688542	1.413050896	1.334046572	1.24108542	1.209233918	1.123841976	1.430624308	1.282946754	1.188260872	1.721722786	1.442054554	1.630885828	0.8816138	1.216988892	1.984079708	1.561946466	1.474592622	1.52698204	1.773237578	1.250223694	1.474171588	0.0	1.513865978	1.471397436	1.237368126	1.445427282	1.313757914	1.60090028	1.853535962	1.420306512	1.536834286	1.553201284	1.3278322	1.361600362	1.441158966	1.569955292	1.517986552	1.780303694	1.664650256	1.520004366	1.544147798	1.528705782	1.4422868	1.19859275	1.462665784	1.512133518	1.493221642	1.578831814	1.462000656
H0149	0.818214332	1.128429974	1.06543974	1.104887234	1.382428922	1.135340596	1.346724714	1.338109254	1.48551489	1.42456716	1.85920477	1.247456746	1.451059174	1.208136784	1.947234078	1.978417376	1.031479082	1.494886408	1.479338926	1.470048732	1.348783034	1.519483454	0.96929037	1.611189968	1.433905434	1.42910879	1.444936884	1.384350718	1.418324816	1.321024296	1.854328666	1.925813642	1.450976294	1.900817862	1.754903836	1.357071328	1.320063022	2.352719984	1.302859952	1.24752481	1.513865978	0.0	1.447170978	1.415391032	1.373224756	1.209273272	1.400143142	1.5235565	1.288086342	1.221329716	1.535201518	1.674622898	0.875242548	1.366417108	1.382382238	1.751481422	1.442681596	1.55010431	0.700273544	0.877594836	1.253639204	1.428164306	1.541216024	1.158233266	1.40013276	1.243451008	0.645862652	1.199563694
H0172	1.087272958	1.32543272	1.598788814	1.731100212	1.536634368	1.771020954	1.82152702	1.708580972	1.858074024	1.79777713	1.639048648	1.076821256	1.165842392	1.624462898	2.460431984	2.307794466	1.649045184	1.849210074	1.564425416	1.658566378	1.23971934	1.633022576	1.396667408	1.504310874	1.453530756	1.155521956	1.544282134	1.74503724	2.059341778	1.838705394	1.7123982	1.586604752	1.525158184	2.243598004	1.66197375	0.953759074	1.008720596	1.83580409	1.55014037	1.825637076	1.471397436	1.447170978	0.0	1.500668038	1.412968798	2.005134462	1.822041064	2.07591835	1.538039212	1.907101882	0.74441482	1.52295208	1.506773134	1.42171105	1.025387904	1.889413348	2.058375822	2.003274088	1.608578578	1.866331654	1.84355935	1.798967404	1.491672786	1.723350236	1.887937154	0.920543914	1.652314518	1.775453764
H0180	1.291178432	1.079405926	1.001852676	1.169775682	0.499885874	1.453676268	1.257254518	0.97397641	1.113813918	1.31676654	1.591060702	1.064788166	1.198882638	1.151029664	2.014247858	1.989428588	1.070278382	1.61821182	0.969979998	1.415875396	1.068770022	0.985676606	1.435455134	1.302892988	1.143786826	1.090583886	1.130945312	1.172193718	1.646810752	1.188126748	1.206612222	1.589281622	0.36721523	2.028539846	1.102930396	1.319886172	1.333830198	1.948447408	0.565373168	1.250349954	1.237368126	1.415391032	1.500668038	0.0	1.171842268	1.332395472	1.221206714	1.8501128	1.11053397	1.280052576	1.54252793	0.698007818	1.35763848	1.106763872	1.22817471	1.355802698	1.77569592	1.38269995	1.254632252	1.538994748	1.374881388	1.464952474	0.508526564	1.223323638	1.213419052	1.45634112	1.561285732	1.502889182
H0202	1.170548852	0.599391638	0.999405264	1.173593446	1.281574198	1.442299308	1.10519667	1.005029134	1.004314522	0.65258252	1.868577682	0.992187998	1.013395294	1.017106404	1.795581206	1.837818936	1.343920262	1.65338314	1.30261195	1.182362644	0.516959978	0.992455698	1.221538938	1.213517748	1.105120426	0.624325746	1.137579992	1.213841618	1.75870946	1.130474112	1.55343861	1.777501646	1.185242294	2.086430598	1.233339804	1.122847992	1.381261446	2.077020824	1.353628808	1.121196454	1.445427282	1.373224756	1.412968798	1.171842268	0.0	1.207239296	0.978374222	1.868532432	1.084352618	1.130875704	1.486206218	1.466181186	1.177024088	0.405281336	1.213059914	1.215824318	1.860546728	1.179088602	1.253897644	1.645491184	1.543906828	1.568158706	1.153864068	1.398327146	1.274841628	1.375404804	1.467082876	1.509806286
H0210	1.388792828	1.194119474	1.025464244	0.746913986	1.398633594	1.18712348	0.970871922	1.06835805	0.751354598	1.118568076	2.031309034	1.439498082	1.536278682	1.011568488	1.454296662	1.680226284	1.072724906	1.474404212	1.436123038	1.096544948	1.203237198	1.20024819	1.311974926	1.476441976	1.394608442	1.414876338	1.293063764	1.14440881	1.34344506	0.911128356	1.811280526	2.009588766	1.323293258	1.762134142	1.474319192	1.623822864	1.767502446	2.370088852	1.353047632	0.931821946	1.313757914	1.209273272	2.005134462	1.332395472	1.207239296	0.0	0.990917474	1.505406784	1.163579562	0.770866508	2.043960666	1.678678034	1.171083068	1.112422804	1.638211354	1.246061238	1.490566872	1.042155354	1.107351028	1.162903316	1.128145012	1.435695402	1.394767424	1.05608449	1.15837072	1.791157428	1.260160528	1.186697122
H0211	1.388164334	1.032034364	0.847596782	1.071331588	1.35688738	1.271502858	0.765877532	0.934793164	0.894012528	0.860673138	1.954326728	1.227300848	1.246849964	0.97782501	1.55629378	1.74729461	1.233783252	1.503454238	1.253237928	1.109993618	0.960045868	1.013801048	1.320435672	1.336998162	1.165630808	1.118308772	1.180345258	1.142493944	1.55651635	0.71476917	1.537017052	1.941866948	1.244728668	1.9787115	1.152406166	1.353320426	1.578290732	2.296968406	1.37035665	0.844646196	1.60090028	1.400143142	1.822041064	1.221206714	0.978374222	0.990917474	0.0	1.760667002	0.924256332	0.813811466	1.848939184	1.599871068	1.239679318	0.924164718	1.428853776	1.173462728	1.728171522	0.720562832	1.166574114	1.516266774	1.32312303	1.489595092	1.273540474	0.98905088	0.956396126	1.66355317	1.530539826	1.314146124
H0270	1.852009804	1.801595914	1.62017608	1.45013439	1.818895134	1.251656236	1.886854686	1.717455114	1.796223102	1.75398452	2.140171398	1.950124038	1.99231905	1.527996656	1.639757398	1.742583424	1.505687514	1.300277656	1.833233122	1.628128748	1.860594178	1.876950918	1.41623861	1.599174064	1.72692241	1.923747594	1.711629436	1.620516806	1.234712624	1.749083636	2.137766554	2.091575366	1.815732434	1.531801234	2.089172412	1.845608232	2.02504721	2.340169768	1.83190128	1.757312722	1.853535962	1.5235565	2.07591835	1.8501128	1.868532432	1.505406784	1.760667002	0.0	1.789512534	1.479057956	2.105294234	1.938200726	1.404946944	1.791465976	2.148990438	1.865168106	1.204949744	1.83802719	1.545334568	1.291351688	1.611340116	1.720757206	1.832857908	1.699636682	1.900756944	2.05695792	1.419621112	1.364609238
H0277	1.182686658	1.01270608	0.899973414	0.976662512	1.235622388	1.10834697	1.038660284	0.956351636	1.02581614	1.081474054	1.760141732	0.972587104	1.152676944	1.016976078	1.809573092	1.715095274	1.081790752	1.58810305	1.144585592	1.219843854	1.040890696	1.002343412	1.361684768	1.309053738	1.08445698	1.112100736	1.096168362	1.146892672	1.61088351	0.945610226	1.494531516	1.821494956	1.113211768	1.96827854	1.224208618	0.995521606	1.204689108	2.197517946	1.243349438	1.070448844	1.420306512	1.288086342	1.538039212	1.11053397	1.084352618	1.163579562	0.924256332	1.789512534	0.0	1.094505498	1.578761472	1.526065388	1.229406886	1.029082118	1.217635792	1.279986028	1.661033894	1.18735506	1.032044858	1.524274218	1.235618318	1.4182359	1.129034146	1.130787116	1.079214606	1.32679795	1.401112922	1.291247004
